{HeadPitch: -0.18719005584716797, HeadYaw: 0.007627964019775391, LAnklePitch: 0.08739614486694336,
  LAnkleRoll: 0.29917192459106445, LElbowRoll: -0.4033999443054199, LElbowYaw: -1.1796879768371582,
  LHand: 0.2979999780654907, LHipPitch: 0.04912996292114258, LHipRoll: -0.15949392318725586,
  LHipYawPitch: -0.17023205757141113, LKneePitch: -0.09054803848266602, LShoulderPitch: 1.5032780170440674,
  LShoulderRoll: 0.740880012512207, LWristYaw: 0.0827939510345459, RAnklePitch: -0.1748340129852295,
  RAnkleRoll: 0.18412208557128906, RElbowRoll: 1.1766200065612793, RElbowYaw: 0.6396360397338867,
  RHand: 0.30000001192092896, RHipPitch: -0.3099100589752197, RHipRoll: -0.15949392318725586,
  RHipYawPitch: -0.17023205757141113, RKneePitch: 0.5706899166107178, RShoulderPitch: 1.4742159843444824,
  RShoulderRoll: -0.16264605522155762, RWristYaw: 0.1058039665222168}
