HeadPitch: 0.019900083541870117, 
HeadYaw: 0.027570009231567383, 
LAnklePitch: -0.34825992584228516,
LAnkleRoll: 0.29610395431518555, 
LElbowRoll: -0.9909219741821289, 
LElbowYaw: -1.3883118629455566,
LHand: 0.2603999972343445, 
LHipPitch: -0.45095396041870117, 
LHipRoll: -0.1518239974975586,
LHipYawPitch: 4.1961669921875e-05,
LKneePitch: 0.7009961605072021, 
LShoulderPitch: 1.4112380743026733,
LShoulderRoll: 0.28067994117736816, 
LWristYaw: -0.03992605209350586, 
RAnklePitch: -0.7025301456451416,
RAnkleRoll: 0.3666679859161377, 
RElbowRoll: 0.9925398826599121, 
RElbowYaw: 1.3790240287780762,
RHand: 0.2648000121116638, 
RHipPitch: -0.48018407821655273, 
RHipRoll: -0.3711860179901123,
RHipYawPitch: 4.1961669921875e-05, 
RKneePitch: 1.0815119743347168,
RShoulderPitch: 1.415924072265625,
RShoulderRoll: -0.27922987937927246, 
RWristYaw: -0.007711887359619141,
